{
 "cells": [
  {
   "cell_type": "code",
   "execution_count": 29,
   "metadata": {},
   "outputs": [],
   "source": [
    "import Pkg; Pkg.add(\"Distributions\"); Pkg.add(\"Plots\"); Pkg.add(\"StatsFuns\");\n",
    "using LinearAlgebra, Distributions, Plots, StatsFuns;\n"
   ]
  },
  {
   "cell_type": "markdown",
   "metadata": {},
   "source": [
    "# Theory"
   ]
  },
  {
   "cell_type": "code",
   "execution_count": 2,
   "metadata": {},
   "outputs": [],
   "source": [
    "arr = (t,k) -> [copy(t) for k=1:k]\n",
    "I_ = m -> Diagonal(ones(m));"
   ]
  },
  {
   "cell_type": "markdown",
   "metadata": {},
   "source": [
    "**Functions to draw $X$ and $Y$** (rep_n is of size $k$ and gives the number of elements in each class, C is a list of $k$ covariances and m, a list of m means "
   ]
  },
  {
   "cell_type": "code",
   "execution_count": 45,
   "metadata": {},
   "outputs": [],
   "source": [
    "function tirage(p,k,rep_n,C,m)\n",
    "#     provides a list of n matrices of size kp * k, they are the \\tilde x_i\n",
    "    X = zeros(p,0)\n",
    "    for a = 1:k\n",
    "        sqcov = (C[a])^(1//2)\n",
    "        X = [ X  sqcov*randn(p,rep_n[a])+m[a]*ones(1,rep_n[a])]\n",
    "    end\n",
    "    return  [kron(I_(k), X[:,i]) for i=1:n]\n",
    "end\n",
    "function j(k)\n",
    "    j = I_(k) + zeros(k,k); \n",
    "    return [Int.(j[i,:]) for i=1:k]\n",
    "end\n",
    "function label(k,rep_n)\n",
    "    Y = zeros(Int, k,0);\n",
    "    for a = 1:k\n",
    "         Y = [ Y  j(k)[a]*ones(Int,1,rep_n[a])]\n",
    "    end\n",
    "    return Y\n",
    "end;\n"
   ]
  },
  {
   "cell_type": "markdown",
   "metadata": {},
   "source": [
    "**Functions to compute the softmax weights** "
   ]
  },
  {
   "cell_type": "code",
   "execution_count": 22,
   "metadata": {},
   "outputs": [],
   "source": [
    "σ = x -> softmax(x)\n",
    "function f(k, a, λ, x)\n",
    "    return (j(k)[a] -σ(x))/λ[a]\n",
    "end;\n",
    "function Ψ(n, W, λ, Xs, Y)\n",
    "    Ws = arr(W,n)\n",
    "    return sum([Xs[i]*f(k, cl(i), λ, Xs[i]'*W) for i=1:n])/n\n",
    "end\n",
    "\n",
    "# λ must be sufficiently big for the fixed point equation to be contractive\n",
    "function rob_regr(n,p,k,λ, Xs, Y)\n",
    "    W = 2*ones(p*k)\n",
    "    W_aux = ones(p*k)\n",
    "    while norm(W - W_aux) > 1e-6\n",
    "        W_aux =copy(W)\n",
    "        W = Ψ(n,W,λ, Xs, Y)\n",
    "    end\n",
    "    return W\n",
    "end;"
   ]
  },
  {
   "cell_type": "markdown",
   "metadata": {},
   "source": [
    "**Definition of $\\zeta$ and $\\xi$**"
   ]
  },
  {
   "cell_type": "code",
   "execution_count": 24,
   "metadata": {},
   "outputs": [],
   "source": [
    "function df(k, a, λ, x)\n",
    "    return (-Diagonal(σ(x)[:]) + σ(x)* σ(x)')/λ[a]\n",
    "end;\n",
    "function ζ(k, a, λ, Δ, x)\n",
    "    ζ = ones(k,1)\n",
    "    ζ_aux = zeros(k,1)\n",
    "    while norm(ζ - ζ_aux)> 1e-3\n",
    "        ζ_aux = ζ\n",
    "        ζ = x + Δ[a] * f(k, a, λ, ζ)\n",
    "    end\n",
    "    return ζ\n",
    "end\n",
    "function dζ(k, a, λ, Δ, x)\n",
    "    return inv(I_(k)- Δ[a]*df(k, a, λ, ζ(k, a, λ, Δ, x)))\n",
    "end\n",
    "function ξ(k, a, λ, Δ, x)\n",
    "    return inv(Δ[a])*(ζ(k, a, λ, Δ, x) - x)\n",
    "end\n",
    "\n",
    "function dξ(k, a, λ, Δ, x)\n",
    "    return inv(Δ[a])*(dζ(k, a, λ, Δ, x) - I_(k))\n",
    "end;"
   ]
  },
  {
   "cell_type": "markdown",
   "metadata": {},
   "source": [
    "** Function to draw a list of z ** it is used afterwards to compute extimates of $\\mathbb E[\\xi(z)]$, $\\mathbb E[d\\xi(z)]$, $\\mathbb E[\\xi(z)^2]$"
   ]
  },
  {
   "cell_type": "code",
   "execution_count": 23,
   "metadata": {},
   "outputs": [],
   "source": [
    "function tirage_z(k,C_za, m_za, T)\n",
    "    return C_za^(1//2)*randn(k,T) + m_za*ones(1,T)\n",
    "end;"
   ]
  },
  {
   "cell_type": "markdown",
   "metadata": {},
   "source": [
    "**Tool function** used to compute $\\Delta$ and the covariances of $z$"
   ]
  },
  {
   "cell_type": "code",
   "execution_count": 46,
   "metadata": {},
   "outputs": [],
   "source": [
    "function mat_tr(p,k,Mkp,Mp)\n",
    "    ind_p = [(1+(p*(i-1))):(p*i) for i=1:k]\n",
    "    rtn = zeros(k,k)\n",
    "    for a=1:k, b=1:k\n",
    "        rtn[a,b] = tr(Mkp[ind_p[a],ind_p[b]]*Mp)\n",
    "    end\n",
    "    return rtn\n",
    "end;"
   ]
  },
  {
   "cell_type": "markdown",
   "metadata": {},
   "source": [
    "**Central function computing the fixed point** it provides the statistics of $W$"
   ]
  },
  {
   "cell_type": "code",
   "execution_count": 47,
   "metadata": {},
   "outputs": [],
   "source": [
    "# λ must be sufficiently big for the algorithm to converge\n",
    "function pt_fixe(n,p,k, λ, rep, C, m, T)\n",
    "    C_zs = arr(Array(I_(k)),k)\n",
    "    m_zs = arr(ones(k,1),k)\n",
    "    C_zs_aux = 2*copy(C_zs)\n",
    "    m_zs_aux = 2*copy(m_zs)\n",
    "    C_W = zeros(k*p,k*p)\n",
    "    m_W = zeros(p*k,1)\n",
    "    Δ = arr(Array(I_(k)),k)\n",
    "    while sum(norm.(C_zs_aux -C_zs))+ sum(norm.(m_zs_aux - m_zs))>4e-4\n",
    "        println(\"error = $(sum(norm.(C_zs_aux -C_zs)) + sum(norm.(m_zs_aux - m_zs)))\")\n",
    "        C_zs_aux = copy(C_zs)\n",
    "        m_zs_aux = copy(m_zs)\n",
    "        E_ξ = arr(zeros(k,1),k)\n",
    "        E_dξ = arr(zeros(k,k),k)\n",
    "        E_ξ2 = arr(zeros(k,k),k)\n",
    "        for l = 1:k\n",
    "            z = tirage_z(k,C_zs[l],m_zs[l], T)\n",
    "            E_ξ[l] = sum([ξ(k, l, λ,Δ, z[:,t]) for t=1:T])/T\n",
    "            E_dξ[l] = sum([dξ(k, l, λ,Δ, z[:,t]) for t=1:T])/T\n",
    "            E_ξ2[l] = sum([ξ(k, l, λ,Δ, z[:,t])*ξ(k, l, λ,Δ, z[:,t])' for t=1:T])/T\n",
    "        end\n",
    "        tμ = sum(rep .* (kron.(E_ξ, m)))    \n",
    "        tC = sum(rep .* (kron.(E_ξ2, C)))\n",
    "        K = sum(rep .* (kron.(E_dξ, C)))\n",
    "        tQ = inv(I_(p*k) - K)\n",
    "        m_W = tQ * tμ\n",
    "        Δ = [mat_tr(p,k, tQ, C[l])/n for l=1:k]\n",
    "        C_W = ones(k*p,k*p)\n",
    "        C_W_aux = zeros(k*p,k*p)\n",
    "        while norm(C_W - C_W_aux) > 1e-4\n",
    "            C_W_aux = copy(C_W)\n",
    "            C_W = tC/n + K*C_W*K\n",
    "        end\n",
    "        m_zs= arr(zeros(k,1),k)\n",
    "        C_zs = arr(zeros(k,k),k)\n",
    "        for l=1:k\n",
    "            m_zs[l] = reshape([(m_W[(1+(p*(a-1))):(p*a)]'*m[l])[1] for a=1:k], k, 1)\n",
    "            C_zs[l] = mat_tr(p,k, C_W + m_W*m_W', C[l])\n",
    "            C_zs[l] += 1e-9*I_(k)\n",
    "#           We add this small variation for C_zs to be nonegative\n",
    "        end\n",
    "    end\n",
    "    return (Δ, m_zs, C_zs, m_W, C_W)\n",
    "end;"
   ]
  },
  {
   "cell_type": "markdown",
   "metadata": {},
   "source": [
    "# Practice"
   ]
  },
  {
   "cell_type": "markdown",
   "metadata": {},
   "source": [
    "## First simple example"
   ]
  },
  {
   "cell_type": "markdown",
   "metadata": {},
   "source": [
    "**Setting**"
   ]
  },
  {
   "cell_type": "code",
   "execution_count": 49,
   "metadata": {},
   "outputs": [
    {
     "name": "stdout",
     "output_type": "stream",
     "text": [
      "error = 10.392304845413264\n",
      "error = 10.385711445632838\n",
      "error = 0.007845252156654456\n"
     ]
    }
   ],
   "source": [
    "n=200; p=300; k=3;\n",
    "rep = [0.5,0.3,0.2]\n",
    "round(100*sum(rep)) == 100 || @error \"the sum of rep elements must be equal to 1\"\n",
    "rep_n = Int.(floor.(rep *n)); rep_n[k] = n - sum(rep_n[1:(k-1)])\n",
    "# C = [Diagonal(rand(p)), Diagonal(rand(p))]/10\n",
    "C = [Diagonal(ones(p)), Diagonal(ones(p)), Diagonal(ones(p))]\n",
    "# C = [Diagonal(rand(p)), Diagonal(rand(p)), Diagonal(rand(p))]\n",
    "# m = [randn(p,1)/sqrt(p), randn(p,1)/sqrt(p)]/10\n",
    "m = [randn(p,1)/sqrt(p), randn(p,1)/sqrt(p), randn(p,1)/sqrt(p)]*2\n",
    "# m = [ones(p,1)/sqrt(p), randn(p,1)/sqrt(p), randn(p,1)/sqrt(p)]\n",
    "Xs = tirage(p,k,rep_n,C,m);\n",
    "Y = label(k,rep_n)\n",
    "cl = i -> ([1:k...]'*Y)[i]\n",
    "λ = 20* ones(k)\n",
    "T = 1000\n",
    "(Δ, m_zs, C_zs, m_W, C_W) = pt_fixe(n,p,k, λ, rep, C, m, T);"
   ]
  },
  {
   "cell_type": "markdown",
   "metadata": {},
   "source": [
    "**Empirical estimation of C_W and m_W**"
   ]
  },
  {
   "cell_type": "code",
   "execution_count": 54,
   "metadata": {},
   "outputs": [
    {
     "name": "stdout",
     "output_type": "stream",
     "text": [
      "10   20   30   40   50   60   70   80   90   100   110   120   130   140   150   160   170   180   190   200   210   220   230   240   250   260   270   280   290   300   310   320   330   340   350   360   370   380   390   400   410   420   430   440   450   460   470   480   490   500   "
     ]
    }
   ],
   "source": [
    "T = 500\n",
    "S_W_pr = zeros(k*p,k*p);m_W_pr = zeros(p*k);for t= 1:T\n",
    "    (t%10 == 0) && print(\"$t   \")\n",
    "    Xs = tirage(p, k, rep_n, C, m)\n",
    "    W = rob_regr(n,p,k,λ, Xs, Y)\n",
    "    global m_W_pr += W/T\n",
    "    global S_W_pr+=copy(W*W')/T\n",
    "end\n",
    "C_W_pr = S_W_pr - m_W_pr*m_W_pr';"
   ]
  },
  {
   "cell_type": "code",
   "execution_count": 52,
   "metadata": {},
   "outputs": [
    {
     "data": {
      "text/plain": [
       "5×2 Array{Float64,2}:\n",
       " -0.000604311  -0.000596037\n",
       "  0.00118633    0.00117049 \n",
       " -0.00145357   -0.00139568 \n",
       " -0.00118097   -0.00116314 \n",
       " -0.00226622   -0.00223742 "
      ]
     },
     "execution_count": 52,
     "metadata": {},
     "output_type": "execute_result"
    }
   ],
   "source": [
    "[m_W[1:5] m_W_pr[1:5]]"
   ]
  },
  {
   "cell_type": "code",
   "execution_count": 53,
   "metadata": {},
   "outputs": [
    {
     "data": {
      "text/plain": [
       "5×2 Array{Float64,2}:\n",
       " 3.14474e-6    2.95195e-6\n",
       " 2.05078e-39  -2.04616e-7\n",
       " 2.05078e-39  -4.68034e-9\n",
       " 2.05078e-39  -1.12375e-7\n",
       " 2.05078e-39   9.84857e-8"
      ]
     },
     "execution_count": 53,
     "metadata": {},
     "output_type": "execute_result"
    }
   ],
   "source": [
    "[C_W[1:5, 1] C_W_pr[1:5, 1]]"
   ]
  },
  {
   "cell_type": "markdown",
   "metadata": {},
   "source": [
    "## Second example with variating parameters"
   ]
  },
  {
   "cell_type": "markdown",
   "metadata": {},
   "source": [
    "**Tool function** to compute the performances for each class"
   ]
  },
  {
   "cell_type": "code",
   "execution_count": 34,
   "metadata": {},
   "outputs": [],
   "source": [
    "coord =  i -> (v->v[i])\n",
    "function classif(label)\n",
    "    return coord(1).(coord(2).(findmax.(label)))\n",
    "end\n",
    "function class_score(classif, k)\n",
    "    cs = zeros(k)\n",
    "    for a=1:k\n",
    "        cs[a] = sum(classif .== a)/length(classif)\n",
    "    end\n",
    "    return cs\n",
    "end;"
   ]
  },
  {
   "cell_type": "markdown",
   "metadata": {},
   "source": [
    "**Influence of the regularization parameters**"
   ]
  },
  {
   "cell_type": "code",
   "execution_count": 44,
   "metadata": {},
   "outputs": [
    {
     "name": "stdout",
     "output_type": "stream",
     "text": [
      "[12, 20, 28]\n",
      "error = 10.392304845413264\n",
      "error = 10.380425907234962\n",
      "error = 0.01614047574903043\n",
      "error = 0.0008266781067767385\n"
     ]
    },
    {
     "name": "stderr",
     "output_type": "stream",
     "text": [
      "┌ Info: 200\n",
      "│   l = 1\n",
      "│   Δ[l] = [1.47912 0.0105324 0.0103432; 0.0105324 1.48033 0.00914016; 0.0103432 0.00914016 1.48052]\n",
      "│   m_z[l] = [0.0996452; -0.0507112; -0.048934]\n",
      "│   C_z[l] = [0.00465636 -0.00256003 -0.00209633; -0.00256003 0.00198366 0.000576368; -0.00209633 0.000576368 0.00151996]\n",
      "└ @ Main In[44]:19\n",
      "┌ Info: 200\n",
      "│   l = 2\n",
      "│   Δ[l] = [1.47912 0.0105324 0.0103432; 0.0105324 1.48033 0.00914016; 0.0103432 0.00914016 1.48052]\n",
      "│   m_z[l] = [-0.0199918; 0.037407; -0.0174152]\n",
      "│   C_z[l] = [0.00465636 -0.00256003 -0.00209633; -0.00256003 0.00198366 0.000576368; -0.00209633 0.000576368 0.00151996]\n",
      "└ @ Main In[44]:19\n",
      "┌ Info: 200\n",
      "│   l = 3\n",
      "│   Δ[l] = [1.47912 0.0105324 0.0103432; 0.0105324 1.48033 0.00914016; 0.0103432 0.00914016 1.48052]\n",
      "│   m_z[l] = [-0.00581407; -0.0103811; 0.0161952]\n",
      "│   C_z[l] = [0.00465636 -0.00256003 -0.00209633; -0.00256003 0.00198366 0.000576368; -0.00209633 0.000576368 0.00151996]\n",
      "└ @ Main In[44]:19\n"
     ]
    },
    {
     "name": "stdout",
     "output_type": "stream",
     "text": [
      "[16, 20, 24]\n",
      "error = 10.392304845413264\n",
      "error = 10.384197512009711\n",
      "error = 0.010942663270365643\n"
     ]
    },
    {
     "name": "stderr",
     "output_type": "stream",
     "text": [
      "┌ Info: 200\n",
      "│   l = 1\n",
      "│   Δ[l] = [1.4822 0.00897627 0.0088201; 0.00897627 1.48283 0.00819495; 0.0088201 0.00819495 1.48298]\n",
      "│   m_z[l] = [0.0765816; -0.0392395; -0.0373421]\n",
      "│   C_z[l] = [0.00287238 -0.00163164 -0.00124074; -0.00163164 0.0015493 8.23379e-5; -0.00124074 8.23379e-5 0.00115841]\n",
      "└ @ Main In[44]:19\n",
      "┌ Info: 200\n",
      "│   l = 2\n",
      "│   Δ[l] = [1.4822 0.00897627 0.0088201; 0.00897627 1.48283 0.00819495; 0.0088201 0.00819495 1.48298]\n",
      "│   m_z[l] = [-0.0196463; 0.0372741; -0.0176278]\n",
      "│   C_z[l] = [0.00287238 -0.00163164 -0.00124074; -0.00163164 0.0015493 8.23379e-5; -0.00124074 8.23379e-5 0.00115841]\n",
      "└ @ Main In[44]:19\n",
      "┌ Info: 200\n",
      "│   l = 3\n",
      "│   Δ[l] = [1.4822 0.00897627 0.0088201; 0.00897627 1.48283 0.00819495; 0.0088201 0.00819495 1.48298]\n",
      "│   m_z[l] = [-0.00806519; -0.0114547; 0.0195199]\n",
      "│   C_z[l] = [0.00287238 -0.00163164 -0.00124074; -0.00163164 0.0015493 8.23379e-5; -0.00124074 8.23379e-5 0.00115841]\n",
      "└ @ Main In[44]:19\n"
     ]
    },
    {
     "name": "stdout",
     "output_type": "stream",
     "text": [
      "[20, 20, 20]\n",
      "error = 10.392304845413264\n",
      "error = 10.385736763308742\n",
      "error = 0.008540996954869881\n"
     ]
    },
    {
     "name": "stderr",
     "output_type": "stream",
     "text": [
      "┌ Info: 200\n",
      "│   l = 1\n",
      "│   Δ[l] = [1.48379 0.00816004 0.00804999; 0.00816004 1.48411 0.00772676; 0.00804999 0.00772676 1.48422]\n",
      "│   m_z[l] = [0.0621685; -0.0321404; -0.030028]\n",
      "│   C_z[l] = [0.00202416 -0.00115424 -0.000869918; -0.00115424 0.00136238 -0.000208137; -0.000869918 -0.000208137 0.00107806]\n",
      "└ @ Main In[44]:19\n",
      "┌ Info: 200\n",
      "│   l = 2\n",
      "│   Δ[l] = [1.48379 0.00816004 0.00804999; 0.00816004 1.48411 0.00772676; 0.00804999 0.00772676 1.48422]\n",
      "│   m_z[l] = [-0.0194644; 0.0371981; -0.0177337]\n",
      "│   C_z[l] = [0.00202416 -0.00115424 -0.000869918; -0.00115424 0.00136238 -0.000208137; -0.000869918 -0.000208137 0.00107806]\n",
      "└ @ Main In[44]:19\n",
      "┌ Info: 200\n",
      "│   l = 3\n",
      "│   Δ[l] = [1.48379 0.00816004 0.00804999; 0.00816004 1.48411 0.00772676; 0.00804999 0.00772676 1.48422]\n",
      "│   m_z[l] = [-0.0105649; -0.0132456; 0.0238105]\n",
      "│   C_z[l] = [0.00202416 -0.00115424 -0.000869918; -0.00115424 0.00136238 -0.000208137; -0.000869918 -0.000208137 0.00107806]\n",
      "└ @ Main In[44]:19\n"
     ]
    },
    {
     "name": "stdout",
     "output_type": "stream",
     "text": [
      "[24, 20, 16]\n",
      "error = 10.392304845413264\n",
      "error = 10.386145682952549\n",
      "error = 0.007472947992390596\n"
     ]
    },
    {
     "name": "stderr",
     "output_type": "stream",
     "text": [
      "┌ Info: 200\n",
      "│   l = 1\n",
      "│   Δ[l] = [1.48445 0.00778902 0.00776353; 0.00778902 1.4846 0.00761153; 0.00776353 0.00761153 1.48462]\n",
      "│   m_z[l] = [0.0522148; -0.0273169; -0.0248979]\n",
      "│   C_z[l] = [0.00158632 -0.000841122 -0.000745197; -0.000841122 0.00129875 -0.000457625; -0.000745197 -0.000457625 0.00120282]\n",
      "└ @ Main In[44]:19\n",
      "┌ Info: 200\n",
      "│   l = 2\n",
      "│   Δ[l] = [1.48445 0.00778902 0.00776353; 0.00778902 1.4846 0.00761153; 0.00776353 0.00761153 1.48462]\n",
      "│   m_z[l] = [-0.0193346; 0.0371145; -0.0177798]\n",
      "│   C_z[l] = [0.00158632 -0.000841122 -0.000745197; -0.000841122 0.00129875 -0.000457625; -0.000745197 -0.000457625 0.00120282]\n",
      "└ @ Main In[44]:19\n",
      "┌ Info: 200\n",
      "│   l = 3\n",
      "│   Δ[l] = [1.48445 0.00778902 0.00776353; 0.00778902 1.4846 0.00761153; 0.00776353 0.00761153 1.48462]\n",
      "│   m_z[l] = [-0.0138779; -0.0160561; 0.0299339]\n",
      "│   C_z[l] = [0.00158632 -0.000841122 -0.000745197; -0.000841122 0.00129875 -0.000457625; -0.000745197 -0.000457625 0.00120282]\n",
      "└ @ Main In[44]:19\n"
     ]
    },
    {
     "name": "stdout",
     "output_type": "stream",
     "text": [
      "[28, 20, 12]\n",
      "error = 10.392304845413264\n",
      "error = 10.385397215326343\n",
      "error = 0.007778873918704674\n"
     ]
    },
    {
     "name": "stderr",
     "output_type": "stream",
     "text": [
      "┌ Info: 200\n",
      "│   l = 1\n",
      "│   Δ[l] = [1.48425 0.00779909 0.00794661; 0.00779909 1.4843 0.00790198; 0.00794661 0.00790198 1.48415]\n",
      "│   m_z[l] = [0.0448615; -0.023885; -0.0209766]\n",
      "│   C_z[l] = [0.00140457 -0.000556239 -0.000848331; -0.000556239 0.0013502 -0.000793962; -0.000848331 -0.000793962 0.00164229]\n",
      "└ @ Main In[44]:19\n",
      "┌ Info: 200\n",
      "│   l = 2\n",
      "│   Δ[l] = [1.48425 0.00779909 0.00794661; 0.00779909 1.4843 0.00790198; 0.00794661 0.00790198 1.48415]\n",
      "│   m_z[l] = [-0.0192493; 0.0370145; -0.0177652]\n",
      "│   C_z[l] = [0.00140457 -0.000556239 -0.000848331; -0.000556239 0.0013502 -0.000793962; -0.000848331 -0.000793962 0.00164229]\n",
      "└ @ Main In[44]:19\n",
      "┌ Info: 200\n",
      "│   l = 3\n",
      "│   Δ[l] = [1.48425 0.00779909 0.00794661; 0.00779909 1.4843 0.00790198; 0.00794661 0.00790198 1.48415]\n",
      "│   m_z[l] = [-0.0189427; -0.020762; 0.0397047]\n",
      "│   C_z[l] = [0.00140457 -0.000556239 -0.000848331; -0.000556239 0.0013502 -0.000793962; -0.000848331 -0.000793962 0.00164229]\n",
      "└ @ Main In[44]:19\n"
     ]
    }
   ],
   "source": [
    "# ns = [20,100,200,350,500]\n",
    "# lth = length(ns)\n",
    "α = 4\n",
    "β = 20\n",
    "λs = [[β+α*(i-2),β, β+α*(4-i)] for i=1:5]\n",
    "lth = length(λs)\n",
    "T =1000\n",
    "perf_tr_th = arr(zeros(k),lth);perf_tr_pr = arr(zeros(k),lth);perf_tst_pr = arr(zeros(k),lth); perf_tst_th=arr(zeros(k),lth); for i = 1:lth\n",
    "    λ= λs[i]\n",
    "    println(λ)\n",
    "#     n= ns[i]\n",
    "#     println(n)\n",
    "    rep_n = floor.(Int,n*rep)\n",
    "    rep_n[end] = n - sum(rep_n[1:(end-1)])\n",
    "    ind_n = [(1+sum(rep_n[1:a-1])): sum(rep_n[1:a]) for a=1:k]\n",
    "    (Δ,m_z, C_z, C_W, m_W) = pt_fixe(n,p,k, λ, rep, C, m, T)\n",
    "    T=100000\n",
    "    for l= 1:k\n",
    "        @info n l Δ[l] m_z[l] C_z[l]\n",
    "        z = tirage_z(k,C_z[l],m_z[l],T)\n",
    "        class_tst_th = classif(σ.([z[:,t] for t =1:T]))\n",
    "        class_tr_th = classif(σ.([ζ(k, l, λ, Δ, z[:,t]) for t =1:T]))\n",
    "        perf_tst_th[i][l] = class_score(class_tst_th, k)[l]\n",
    "        perf_tr_th[i][l] = class_score(class_tr_th, k)[l]\n",
    "    end\n",
    "\n",
    "    T_pr = 50\n",
    "    for t = 1:T_pr\n",
    "        Xs = tirage(p, k, rep_n, C, m)\n",
    "        Y = label(k,rep_n)\n",
    "        W = rob_regr(n,p,k,λ, Xs, Y)\n",
    "        for l=1:k\n",
    "            rep_n_pr = zeros(Int,k)\n",
    "            rep_n_pr[l] = n\n",
    "            X_tsts = tirage(p, k, rep_n_pr, C, m)\n",
    "            class_tst_pr = classif(σ.([X_tsts[i]'*W for i=1:n]))\n",
    "            class_tr_pr = classif(σ.([Xs[i]'*W for i in ind_n[l]]))\n",
    "            perf_tst_pr[i][l] += class_score(class_tst_pr, k)[l]/T_pr\n",
    "            perf_tr_pr[i][l] += class_score(class_tr_pr, k)[l]/T_pr\n",
    "        end\n",
    "    end\n",
    "end"
   ]
  },
  {
   "cell_type": "markdown",
   "metadata": {},
   "source": [
    "**Plots**"
   ]
  },
  {
   "cell_type": "code",
   "execution_count": 55,
   "metadata": {},
   "outputs": [
    {
     "data": {
      "image/svg+xml": [
       "<?xml version=\"1.0\" encoding=\"utf-8\"?>\n",
       "<svg xmlns=\"http://www.w3.org/2000/svg\" xmlns:xlink=\"http://www.w3.org/1999/xlink\" width=\"600\" height=\"400\" viewBox=\"0 0 2400 1600\">\n",
       "<defs>\n",
       "  <clipPath id=\"clip4100\">\n",
       "    <rect x=\"0\" y=\"0\" width=\"2400\" height=\"1600\"/>\n",
       "  </clipPath>\n",
       "</defs>\n",
       "<path clip-path=\"url(#clip4100)\" d=\"\n",
       "M0 1600 L2400 1600 L2400 0 L0 0  Z\n",
       "  \" fill=\"#ffffff\" fill-rule=\"evenodd\" fill-opacity=\"1\"/>\n",
       "<defs>\n",
       "  <clipPath id=\"clip4101\">\n",
       "    <rect x=\"480\" y=\"0\" width=\"1681\" height=\"1600\"/>\n",
       "  </clipPath>\n",
       "</defs>\n",
       "<path clip-path=\"url(#clip4100)\" d=\"\n",
       "M161.394 1503.47 L2321.26 1503.47 L2321.26 47.2441 L161.394 47.2441  Z\n",
       "  \" fill=\"#ffffff\" fill-rule=\"evenodd\" fill-opacity=\"1\"/>\n",
       "<defs>\n",
       "  <clipPath id=\"clip4102\">\n",
       "    <rect x=\"161\" y=\"47\" width=\"2161\" height=\"1457\"/>\n",
       "  </clipPath>\n",
       "</defs>\n",
       "<polyline clip-path=\"url(#clip4102)\" style=\"stroke:#000000; stroke-width:1.6; stroke-opacity:0.1; fill:none\" points=\"\n",
       "  222.522,1503.47 222.522,47.2441 \n",
       "  \"/>\n",
       "<polyline clip-path=\"url(#clip4102)\" style=\"stroke:#000000; stroke-width:1.6; stroke-opacity:0.1; fill:none\" points=\"\n",
       "  731.925,1503.47 731.925,47.2441 \n",
       "  \"/>\n",
       "<polyline clip-path=\"url(#clip4102)\" style=\"stroke:#000000; stroke-width:1.6; stroke-opacity:0.1; fill:none\" points=\"\n",
       "  1241.33,1503.47 1241.33,47.2441 \n",
       "  \"/>\n",
       "<polyline clip-path=\"url(#clip4102)\" style=\"stroke:#000000; stroke-width:1.6; stroke-opacity:0.1; fill:none\" points=\"\n",
       "  1750.73,1503.47 1750.73,47.2441 \n",
       "  \"/>\n",
       "<polyline clip-path=\"url(#clip4102)\" style=\"stroke:#000000; stroke-width:1.6; stroke-opacity:0.1; fill:none\" points=\"\n",
       "  2260.13,1503.47 2260.13,47.2441 \n",
       "  \"/>\n",
       "<polyline clip-path=\"url(#clip4102)\" style=\"stroke:#000000; stroke-width:1.6; stroke-opacity:0.1; fill:none\" points=\"\n",
       "  161.394,1279.37 2321.26,1279.37 \n",
       "  \"/>\n",
       "<polyline clip-path=\"url(#clip4102)\" style=\"stroke:#000000; stroke-width:1.6; stroke-opacity:0.1; fill:none\" points=\"\n",
       "  161.394,1039.37 2321.26,1039.37 \n",
       "  \"/>\n",
       "<polyline clip-path=\"url(#clip4102)\" style=\"stroke:#000000; stroke-width:1.6; stroke-opacity:0.1; fill:none\" points=\"\n",
       "  161.394,799.36 2321.26,799.36 \n",
       "  \"/>\n",
       "<polyline clip-path=\"url(#clip4102)\" style=\"stroke:#000000; stroke-width:1.6; stroke-opacity:0.1; fill:none\" points=\"\n",
       "  161.394,559.353 2321.26,559.353 \n",
       "  \"/>\n",
       "<polyline clip-path=\"url(#clip4102)\" style=\"stroke:#000000; stroke-width:1.6; stroke-opacity:0.1; fill:none\" points=\"\n",
       "  161.394,319.345 2321.26,319.345 \n",
       "  \"/>\n",
       "<polyline clip-path=\"url(#clip4102)\" style=\"stroke:#000000; stroke-width:1.6; stroke-opacity:0.1; fill:none\" points=\"\n",
       "  161.394,79.3379 2321.26,79.3379 \n",
       "  \"/>\n",
       "<polyline clip-path=\"url(#clip4100)\" style=\"stroke:#000000; stroke-width:3.2; stroke-opacity:1; fill:none\" points=\"\n",
       "  161.394,1503.47 2321.26,1503.47 \n",
       "  \"/>\n",
       "<polyline clip-path=\"url(#clip4100)\" style=\"stroke:#000000; stroke-width:3.2; stroke-opacity:1; fill:none\" points=\"\n",
       "  161.394,1503.47 161.394,47.2441 \n",
       "  \"/>\n",
       "<polyline clip-path=\"url(#clip4100)\" style=\"stroke:#000000; stroke-width:3.2; stroke-opacity:1; fill:none\" points=\"\n",
       "  222.522,1503.47 222.522,1481.63 \n",
       "  \"/>\n",
       "<polyline clip-path=\"url(#clip4100)\" style=\"stroke:#000000; stroke-width:3.2; stroke-opacity:1; fill:none\" points=\"\n",
       "  731.925,1503.47 731.925,1481.63 \n",
       "  \"/>\n",
       "<polyline clip-path=\"url(#clip4100)\" style=\"stroke:#000000; stroke-width:3.2; stroke-opacity:1; fill:none\" points=\"\n",
       "  1241.33,1503.47 1241.33,1481.63 \n",
       "  \"/>\n",
       "<polyline clip-path=\"url(#clip4100)\" style=\"stroke:#000000; stroke-width:3.2; stroke-opacity:1; fill:none\" points=\"\n",
       "  1750.73,1503.47 1750.73,1481.63 \n",
       "  \"/>\n",
       "<polyline clip-path=\"url(#clip4100)\" style=\"stroke:#000000; stroke-width:3.2; stroke-opacity:1; fill:none\" points=\"\n",
       "  2260.13,1503.47 2260.13,1481.63 \n",
       "  \"/>\n",
       "<polyline clip-path=\"url(#clip4100)\" style=\"stroke:#000000; stroke-width:3.2; stroke-opacity:1; fill:none\" points=\"\n",
       "  161.394,1279.37 193.792,1279.37 \n",
       "  \"/>\n",
       "<polyline clip-path=\"url(#clip4100)\" style=\"stroke:#000000; stroke-width:3.2; stroke-opacity:1; fill:none\" points=\"\n",
       "  161.394,1039.37 193.792,1039.37 \n",
       "  \"/>\n",
       "<polyline clip-path=\"url(#clip4100)\" style=\"stroke:#000000; stroke-width:3.2; stroke-opacity:1; fill:none\" points=\"\n",
       "  161.394,799.36 193.792,799.36 \n",
       "  \"/>\n",
       "<polyline clip-path=\"url(#clip4100)\" style=\"stroke:#000000; stroke-width:3.2; stroke-opacity:1; fill:none\" points=\"\n",
       "  161.394,559.353 193.792,559.353 \n",
       "  \"/>\n",
       "<polyline clip-path=\"url(#clip4100)\" style=\"stroke:#000000; stroke-width:3.2; stroke-opacity:1; fill:none\" points=\"\n",
       "  161.394,319.345 193.792,319.345 \n",
       "  \"/>\n",
       "<polyline clip-path=\"url(#clip4100)\" style=\"stroke:#000000; stroke-width:3.2; stroke-opacity:1; fill:none\" points=\"\n",
       "  161.394,79.3379 193.792,79.3379 \n",
       "  \"/>\n",
       "<g clip-path=\"url(#clip4100)\">\n",
       "<text style=\"fill:#000000; fill-opacity:1; font-family:Arial,Helvetica Neue,Helvetica,sans-serif; font-size:48px; text-anchor:middle;\" transform=\"rotate(0, 222.522, 1557.47)\" x=\"222.522\" y=\"1557.47\">1</text>\n",
       "</g>\n",
       "<g clip-path=\"url(#clip4100)\">\n",
       "<text style=\"fill:#000000; fill-opacity:1; font-family:Arial,Helvetica Neue,Helvetica,sans-serif; font-size:48px; text-anchor:middle;\" transform=\"rotate(0, 731.925, 1557.47)\" x=\"731.925\" y=\"1557.47\">2</text>\n",
       "</g>\n",
       "<g clip-path=\"url(#clip4100)\">\n",
       "<text style=\"fill:#000000; fill-opacity:1; font-family:Arial,Helvetica Neue,Helvetica,sans-serif; font-size:48px; text-anchor:middle;\" transform=\"rotate(0, 1241.33, 1557.47)\" x=\"1241.33\" y=\"1557.47\">3</text>\n",
       "</g>\n",
       "<g clip-path=\"url(#clip4100)\">\n",
       "<text style=\"fill:#000000; fill-opacity:1; font-family:Arial,Helvetica Neue,Helvetica,sans-serif; font-size:48px; text-anchor:middle;\" transform=\"rotate(0, 1750.73, 1557.47)\" x=\"1750.73\" y=\"1557.47\">4</text>\n",
       "</g>\n",
       "<g clip-path=\"url(#clip4100)\">\n",
       "<text style=\"fill:#000000; fill-opacity:1; font-family:Arial,Helvetica Neue,Helvetica,sans-serif; font-size:48px; text-anchor:middle;\" transform=\"rotate(0, 2260.13, 1557.47)\" x=\"2260.13\" y=\"1557.47\">5</text>\n",
       "</g>\n",
       "<g clip-path=\"url(#clip4100)\">\n",
       "<text style=\"fill:#000000; fill-opacity:1; font-family:Arial,Helvetica Neue,Helvetica,sans-serif; font-size:48px; text-anchor:end;\" transform=\"rotate(0, 137.394, 1296.87)\" x=\"137.394\" y=\"1296.87\">0.5</text>\n",
       "</g>\n",
       "<g clip-path=\"url(#clip4100)\">\n",
       "<text style=\"fill:#000000; fill-opacity:1; font-family:Arial,Helvetica Neue,Helvetica,sans-serif; font-size:48px; text-anchor:end;\" transform=\"rotate(0, 137.394, 1056.87)\" x=\"137.394\" y=\"1056.87\">0.6</text>\n",
       "</g>\n",
       "<g clip-path=\"url(#clip4100)\">\n",
       "<text style=\"fill:#000000; fill-opacity:1; font-family:Arial,Helvetica Neue,Helvetica,sans-serif; font-size:48px; text-anchor:end;\" transform=\"rotate(0, 137.394, 816.86)\" x=\"137.394\" y=\"816.86\">0.7</text>\n",
       "</g>\n",
       "<g clip-path=\"url(#clip4100)\">\n",
       "<text style=\"fill:#000000; fill-opacity:1; font-family:Arial,Helvetica Neue,Helvetica,sans-serif; font-size:48px; text-anchor:end;\" transform=\"rotate(0, 137.394, 576.853)\" x=\"137.394\" y=\"576.853\">0.8</text>\n",
       "</g>\n",
       "<g clip-path=\"url(#clip4100)\">\n",
       "<text style=\"fill:#000000; fill-opacity:1; font-family:Arial,Helvetica Neue,Helvetica,sans-serif; font-size:48px; text-anchor:end;\" transform=\"rotate(0, 137.394, 336.845)\" x=\"137.394\" y=\"336.845\">0.9</text>\n",
       "</g>\n",
       "<g clip-path=\"url(#clip4100)\">\n",
       "<text style=\"fill:#000000; fill-opacity:1; font-family:Arial,Helvetica Neue,Helvetica,sans-serif; font-size:48px; text-anchor:end;\" transform=\"rotate(0, 137.394, 96.8379)\" x=\"137.394\" y=\"96.8379\">1.0</text>\n",
       "</g>\n",
       "<polyline clip-path=\"url(#clip4102)\" style=\"stroke:#0000ff; stroke-width:3.2; stroke-opacity:1; fill:none\" points=\"\n",
       "  222.522,97.4824 731.925,108.835 1241.33,124.387 1750.73,156.26 2260.13,228.575 \n",
       "  \"/>\n",
       "<circle clip-path=\"url(#clip4102)\" cx=\"222.522\" cy=\"88.4582\" r=\"14\" fill=\"#000000\" fill-rule=\"evenodd\" fill-opacity=\"1\" stroke=\"#ffffff\" stroke-opacity=\"1\" stroke-width=\"3.2\"/>\n",
       "<circle clip-path=\"url(#clip4102)\" cx=\"222.522\" cy=\"88.4582\" r=\"11\" fill=\"#0000ff\" fill-rule=\"evenodd\" fill-opacity=\"1\" stroke=\"#ffffff\" stroke-opacity=\"1\" stroke-width=\"3.2\"/>\n",
       "<circle clip-path=\"url(#clip4102)\" cx=\"731.925\" cy=\"107.179\" r=\"14\" fill=\"#000000\" fill-rule=\"evenodd\" fill-opacity=\"1\" stroke=\"#ffffff\" stroke-opacity=\"1\" stroke-width=\"3.2\"/>\n",
       "<circle clip-path=\"url(#clip4102)\" cx=\"731.925\" cy=\"107.179\" r=\"11\" fill=\"#0000ff\" fill-rule=\"evenodd\" fill-opacity=\"1\" stroke=\"#ffffff\" stroke-opacity=\"1\" stroke-width=\"3.2\"/>\n",
       "<circle clip-path=\"url(#clip4102)\" cx=\"1241.33\" cy=\"118.219\" r=\"14\" fill=\"#000000\" fill-rule=\"evenodd\" fill-opacity=\"1\" stroke=\"#ffffff\" stroke-opacity=\"1\" stroke-width=\"3.2\"/>\n",
       "<circle clip-path=\"url(#clip4102)\" cx=\"1241.33\" cy=\"118.219\" r=\"11\" fill=\"#0000ff\" fill-rule=\"evenodd\" fill-opacity=\"1\" stroke=\"#ffffff\" stroke-opacity=\"1\" stroke-width=\"3.2\"/>\n",
       "<circle clip-path=\"url(#clip4102)\" cx=\"1750.73\" cy=\"161.9\" r=\"14\" fill=\"#000000\" fill-rule=\"evenodd\" fill-opacity=\"1\" stroke=\"#ffffff\" stroke-opacity=\"1\" stroke-width=\"3.2\"/>\n",
       "<circle clip-path=\"url(#clip4102)\" cx=\"1750.73\" cy=\"161.9\" r=\"11\" fill=\"#0000ff\" fill-rule=\"evenodd\" fill-opacity=\"1\" stroke=\"#ffffff\" stroke-opacity=\"1\" stroke-width=\"3.2\"/>\n",
       "<circle clip-path=\"url(#clip4102)\" cx=\"2260.13\" cy=\"215.182\" r=\"14\" fill=\"#000000\" fill-rule=\"evenodd\" fill-opacity=\"1\" stroke=\"#ffffff\" stroke-opacity=\"1\" stroke-width=\"3.2\"/>\n",
       "<circle clip-path=\"url(#clip4102)\" cx=\"2260.13\" cy=\"215.182\" r=\"11\" fill=\"#0000ff\" fill-rule=\"evenodd\" fill-opacity=\"1\" stroke=\"#ffffff\" stroke-opacity=\"1\" stroke-width=\"3.2\"/>\n",
       "<polyline clip-path=\"url(#clip4102)\" style=\"stroke:#ff0000; stroke-width:3.2; stroke-opacity:1; fill:none\" points=\"\n",
       "  222.522,353.906 731.925,249.095 1241.33,192.909 1750.73,169.917 2260.13,182.685 \n",
       "  \"/>\n",
       "<circle clip-path=\"url(#clip4102)\" cx=\"222.522\" cy=\"356.146\" r=\"14\" fill=\"#000000\" fill-rule=\"evenodd\" fill-opacity=\"1\" stroke=\"#ffffff\" stroke-opacity=\"1\" stroke-width=\"3.2\"/>\n",
       "<circle clip-path=\"url(#clip4102)\" cx=\"222.522\" cy=\"356.146\" r=\"11\" fill=\"#ff0000\" fill-rule=\"evenodd\" fill-opacity=\"1\" stroke=\"#ffffff\" stroke-opacity=\"1\" stroke-width=\"3.2\"/>\n",
       "<circle clip-path=\"url(#clip4102)\" cx=\"731.925\" cy=\"251.343\" r=\"14\" fill=\"#000000\" fill-rule=\"evenodd\" fill-opacity=\"1\" stroke=\"#ffffff\" stroke-opacity=\"1\" stroke-width=\"3.2\"/>\n",
       "<circle clip-path=\"url(#clip4102)\" cx=\"731.925\" cy=\"251.343\" r=\"11\" fill=\"#ff0000\" fill-rule=\"evenodd\" fill-opacity=\"1\" stroke=\"#ffffff\" stroke-opacity=\"1\" stroke-width=\"3.2\"/>\n",
       "<circle clip-path=\"url(#clip4102)\" cx=\"1241.33\" cy=\"199.342\" r=\"14\" fill=\"#000000\" fill-rule=\"evenodd\" fill-opacity=\"1\" stroke=\"#ffffff\" stroke-opacity=\"1\" stroke-width=\"3.2\"/>\n",
       "<circle clip-path=\"url(#clip4102)\" cx=\"1241.33\" cy=\"199.342\" r=\"11\" fill=\"#ff0000\" fill-rule=\"evenodd\" fill-opacity=\"1\" stroke=\"#ffffff\" stroke-opacity=\"1\" stroke-width=\"3.2\"/>\n",
       "<circle clip-path=\"url(#clip4102)\" cx=\"1750.73\" cy=\"162.54\" r=\"14\" fill=\"#000000\" fill-rule=\"evenodd\" fill-opacity=\"1\" stroke=\"#ffffff\" stroke-opacity=\"1\" stroke-width=\"3.2\"/>\n",
       "<circle clip-path=\"url(#clip4102)\" cx=\"1750.73\" cy=\"162.54\" r=\"11\" fill=\"#ff0000\" fill-rule=\"evenodd\" fill-opacity=\"1\" stroke=\"#ffffff\" stroke-opacity=\"1\" stroke-width=\"3.2\"/>\n",
       "<circle clip-path=\"url(#clip4102)\" cx=\"2260.13\" cy=\"165.741\" r=\"14\" fill=\"#000000\" fill-rule=\"evenodd\" fill-opacity=\"1\" stroke=\"#ffffff\" stroke-opacity=\"1\" stroke-width=\"3.2\"/>\n",
       "<circle clip-path=\"url(#clip4102)\" cx=\"2260.13\" cy=\"165.741\" r=\"11\" fill=\"#ff0000\" fill-rule=\"evenodd\" fill-opacity=\"1\" stroke=\"#ffffff\" stroke-opacity=\"1\" stroke-width=\"3.2\"/>\n",
       "<polyline clip-path=\"url(#clip4102)\" style=\"stroke:#008000; stroke-width:3.2; stroke-opacity:1; fill:none\" points=\"\n",
       "  222.522,726.686 731.925,473.214 1241.33,263.592 1750.73,142.82 2260.13,95.6104 \n",
       "  \"/>\n",
       "<circle clip-path=\"url(#clip4102)\" cx=\"222.522\" cy=\"739.358\" r=\"14\" fill=\"#000000\" fill-rule=\"evenodd\" fill-opacity=\"1\" stroke=\"#ffffff\" stroke-opacity=\"1\" stroke-width=\"3.2\"/>\n",
       "<circle clip-path=\"url(#clip4102)\" cx=\"222.522\" cy=\"739.358\" r=\"11\" fill=\"#008000\" fill-rule=\"evenodd\" fill-opacity=\"1\" stroke=\"#ffffff\" stroke-opacity=\"1\" stroke-width=\"3.2\"/>\n",
       "<circle clip-path=\"url(#clip4102)\" cx=\"731.925\" cy=\"456.15\" r=\"14\" fill=\"#000000\" fill-rule=\"evenodd\" fill-opacity=\"1\" stroke=\"#ffffff\" stroke-opacity=\"1\" stroke-width=\"3.2\"/>\n",
       "<circle clip-path=\"url(#clip4102)\" cx=\"731.925\" cy=\"456.15\" r=\"11\" fill=\"#008000\" fill-rule=\"evenodd\" fill-opacity=\"1\" stroke=\"#ffffff\" stroke-opacity=\"1\" stroke-width=\"3.2\"/>\n",
       "<circle clip-path=\"url(#clip4102)\" cx=\"1241.33\" cy=\"268.944\" r=\"14\" fill=\"#000000\" fill-rule=\"evenodd\" fill-opacity=\"1\" stroke=\"#ffffff\" stroke-opacity=\"1\" stroke-width=\"3.2\"/>\n",
       "<circle clip-path=\"url(#clip4102)\" cx=\"1241.33\" cy=\"268.944\" r=\"11\" fill=\"#008000\" fill-rule=\"evenodd\" fill-opacity=\"1\" stroke=\"#ffffff\" stroke-opacity=\"1\" stroke-width=\"3.2\"/>\n",
       "<circle clip-path=\"url(#clip4102)\" cx=\"1750.73\" cy=\"130.939\" r=\"14\" fill=\"#000000\" fill-rule=\"evenodd\" fill-opacity=\"1\" stroke=\"#ffffff\" stroke-opacity=\"1\" stroke-width=\"3.2\"/>\n",
       "<circle clip-path=\"url(#clip4102)\" cx=\"1750.73\" cy=\"130.939\" r=\"11\" fill=\"#008000\" fill-rule=\"evenodd\" fill-opacity=\"1\" stroke=\"#ffffff\" stroke-opacity=\"1\" stroke-width=\"3.2\"/>\n",
       "<circle clip-path=\"url(#clip4102)\" cx=\"2260.13\" cy=\"93.7383\" r=\"14\" fill=\"#000000\" fill-rule=\"evenodd\" fill-opacity=\"1\" stroke=\"#ffffff\" stroke-opacity=\"1\" stroke-width=\"3.2\"/>\n",
       "<circle clip-path=\"url(#clip4102)\" cx=\"2260.13\" cy=\"93.7383\" r=\"11\" fill=\"#008000\" fill-rule=\"evenodd\" fill-opacity=\"1\" stroke=\"#ffffff\" stroke-opacity=\"1\" stroke-width=\"3.2\"/>\n",
       "<polyline clip-path=\"url(#clip4102)\" style=\"stroke:#0000ff; stroke-width:3.2; stroke-opacity:1; fill:none\" stroke-dasharray=\"13, 8\" points=\"\n",
       "  222.522,330.026 731.925,376.251 1241.33,439.613 1750.73,535.52 2260.13,675.828 \n",
       "  \"/>\n",
       "<line clip-path=\"url(#clip4102)\" x1=\"222.522\" y1=\"324.385\" x2=\"222.522\" y2=\"308.385\" style=\"stroke:#000000; stroke-width:3.2; stroke-opacity:1\"/>\n",
       "<line clip-path=\"url(#clip4102)\" x1=\"222.522\" y1=\"324.385\" x2=\"206.522\" y2=\"324.385\" style=\"stroke:#000000; stroke-width:3.2; stroke-opacity:1\"/>\n",
       "<line clip-path=\"url(#clip4102)\" x1=\"222.522\" y1=\"324.385\" x2=\"222.522\" y2=\"340.385\" style=\"stroke:#000000; stroke-width:3.2; stroke-opacity:1\"/>\n",
       "<line clip-path=\"url(#clip4102)\" x1=\"222.522\" y1=\"324.385\" x2=\"238.522\" y2=\"324.385\" style=\"stroke:#000000; stroke-width:3.2; stroke-opacity:1\"/>\n",
       "<line clip-path=\"url(#clip4102)\" x1=\"222.522\" y1=\"324.385\" x2=\"222.522\" y2=\"311.585\" style=\"stroke:#0000ff; stroke-width:3.2; stroke-opacity:1\"/>\n",
       "<line clip-path=\"url(#clip4102)\" x1=\"222.522\" y1=\"324.385\" x2=\"209.722\" y2=\"324.385\" style=\"stroke:#0000ff; stroke-width:3.2; stroke-opacity:1\"/>\n",
       "<line clip-path=\"url(#clip4102)\" x1=\"222.522\" y1=\"324.385\" x2=\"222.522\" y2=\"337.185\" style=\"stroke:#0000ff; stroke-width:3.2; stroke-opacity:1\"/>\n",
       "<line clip-path=\"url(#clip4102)\" x1=\"222.522\" y1=\"324.385\" x2=\"235.322\" y2=\"324.385\" style=\"stroke:#0000ff; stroke-width:3.2; stroke-opacity:1\"/>\n",
       "<line clip-path=\"url(#clip4102)\" x1=\"731.925\" y1=\"366.147\" x2=\"731.925\" y2=\"350.147\" style=\"stroke:#000000; stroke-width:3.2; stroke-opacity:1\"/>\n",
       "<line clip-path=\"url(#clip4102)\" x1=\"731.925\" y1=\"366.147\" x2=\"715.925\" y2=\"366.147\" style=\"stroke:#000000; stroke-width:3.2; stroke-opacity:1\"/>\n",
       "<line clip-path=\"url(#clip4102)\" x1=\"731.925\" y1=\"366.147\" x2=\"731.925\" y2=\"382.147\" style=\"stroke:#000000; stroke-width:3.2; stroke-opacity:1\"/>\n",
       "<line clip-path=\"url(#clip4102)\" x1=\"731.925\" y1=\"366.147\" x2=\"747.925\" y2=\"366.147\" style=\"stroke:#000000; stroke-width:3.2; stroke-opacity:1\"/>\n",
       "<line clip-path=\"url(#clip4102)\" x1=\"731.925\" y1=\"366.147\" x2=\"731.925\" y2=\"353.347\" style=\"stroke:#0000ff; stroke-width:3.2; stroke-opacity:1\"/>\n",
       "<line clip-path=\"url(#clip4102)\" x1=\"731.925\" y1=\"366.147\" x2=\"719.125\" y2=\"366.147\" style=\"stroke:#0000ff; stroke-width:3.2; stroke-opacity:1\"/>\n",
       "<line clip-path=\"url(#clip4102)\" x1=\"731.925\" y1=\"366.147\" x2=\"731.925\" y2=\"378.947\" style=\"stroke:#0000ff; stroke-width:3.2; stroke-opacity:1\"/>\n",
       "<line clip-path=\"url(#clip4102)\" x1=\"731.925\" y1=\"366.147\" x2=\"744.725\" y2=\"366.147\" style=\"stroke:#0000ff; stroke-width:3.2; stroke-opacity:1\"/>\n",
       "<line clip-path=\"url(#clip4102)\" x1=\"1241.33\" y1=\"431.429\" x2=\"1241.33\" y2=\"415.429\" style=\"stroke:#000000; stroke-width:3.2; stroke-opacity:1\"/>\n",
